A =

  Columns 1 through 6

  -0.0000 + 0.0000i   1.4034 - 3.8559i  -0.5477 + 0.6527i  -0.4393 + 0.2537i  -0.4164 + 0.0734i  -0.4164 - 0.0734i

  Columns 7 through 9

  -0.4393 - 0.2537i  -0.5477 - 0.6527i   1.4034 + 3.8559i